# aleatorio
1.049304e+00 3.304971e-01 1.615461e+00
8.660992e-01 1.131401e+00 7.466355e-02
5.511346e-01 -7.591912e-01 -9.236304e-01
1.728078e+00 1.119102e+00 -6.214226e-01
-6.492881e-01 -9.223219e-01 -9.671968e-01
-4.784196e-01 -8.855949e-02 -1.773082e+00
1.077885e+00 6.097594e-02 1.342725e+00
9.688103e-01 -1.540872e-01 4.008293e-01
-8.093448e-01 -1.354451e+00 2.362354e-01
-1.237389e+00 1.343328e+00 -2.024462e-01
1.860117e+00 8.674212e-01 4.976288e-01
-3.083192e-01 7.367342e-01 -1.052790e-01
7.829706e-01 -1.687605e+00 -9.861899e-01
2.152345e-02 1.059419e+00 6.174029e-01
7.156638e-01 -1.633791e+00 5.530732e-01
1.401467e+00 1.788944e+00 -1.961833e+00
-1.127502e+00 7.346190e-02 1.282746e+00
1.655818e+00 1.024097e+00 2.235444e-01
1.400961e+00 -2.899323e-01 7.551774e-01
2.019901e-01 -4.829744e-01 -1.812446e+00
-9.648636e-01 9.464575e-02 -6.048917e-01
1.044589e+00 -3.561573e-01 4.923474e-01
-4.310507e-01 -4.855494e-01 -1.070690e+00
-4.973195e-01 -1.353626e+00 4.093698e-01
-5.911742e-02 6.547365e-01 -1.230657e+00
-1.114605e+00 5.151217e-01 1.223688e+00
-1.226998e+00 5.029814e-01 -2.858125e-01
-1.410088e+00 7.462398e-01 9.394363e-02
1.310861e+00 2.765516e-01 -4.160681e-01
-5.174421e-01 -1.154339e+00 -2.550027e-01
-1.665814e-02 -1.324623e+00 1.833713e+00
4.691723e-01 -9.048138e-01 -3.899391e-01
7.767781e-01 2.849561e-01 -2.683382e-01
-1.884698e+00 -2.829465e-01 -2.591721e-01
-1.275873e-01 1.879311e+00 1.490217e+00
-5.193174e-01 1.742786e+00 2.638740e-01
7.351432e-01 -1.097851e-01 4.370140e-01
1.346851e+00 1.616790e+00 1.366887e+00
5.502551e-01 1.195293e+00 -2.696294e-01
-2.290512e-01 1.892526e+00 -9.531577e-01
6.612316e-01 9.469656e-01 -8.560039e-01
-5.363685e-01 1.321488e-01 -1.015181e+00
-4.819444e-01 -3.015246e-01 -1.040816e+00
3.127236e-01 -8.309409e-01 1.904648e+00
-3.121839e+00 -1.894543e-01 2.582446e-01
-1.358477e+00 5.002406e-01 -4.344752e-01
-1.426382e-01 1.258274e+00 -2.428918e-01
-2.169969e-01 8.628846e-02 -1.338958e-02
-3.286800e-02 -8.340121e-01 -3.666292e-01
1.832145e+00 -7.455312e-01 -2.304841e-01
3.523598e-01 -1.359179e+00 1.145920e+00
2.366451e-01 5.124549e-01 4.470680e-01
1.478548e+00 -3.561354e-02 1.108979e+00
1.554307e+00 -3.721652e-01 1.303904e+00
-1.110609e+00 -1.665256e-02 1.869219e+00
8.237886e-01 2.994690e-01 8.131605e-01
6.652747e-01 -1.771581e+00 -1.420572e+00
7.147664e-01 1.683037e+00 -7.066817e-01
-1.230787e+00 -3.733005e-01 2.870969e-01
2.095402e+00 8.570262e-01 7.116125e-01
-6.032195e-01 -6.991540e-01 7.223529e-01
1.613553e+00 -6.642155e-01 -8.984923e-01
-2.539841e-01 2.208846e+00 -1.687540e-01
-1.515879e+00 7.038774e-01 -5.807917e-01
-1.172265e-01 -8.605269e-01 1.973537e-01
4.954284e-01 2.026642e+00 -2.507669e-01
-7.025908e-01 3.292196e-02 -8.233866e-01
3.950695e-01 -8.688269e-01 -1.152789e+00
-1.123279e+00 5.090444e-01 -6.139158e-01
-1.715555e+00 -1.798882e+00 -4.394049e-01
-2.711051e-01 5.723148e-01 -4.619560e-01
8.624074e-02 -3.839971e-01 -2.207369e+00
-1.090471e+00 -3.058198e-01 -2.291485e+00
1.125430e-01 -1.180460e+00 -6.011173e-01
-9.536445e-01 -6.417007e-02 -1.529752e+00
5.022319e-02 3.445877e-01 1.054069e-01
-4.831606e-01 -2.137852e-01 -7.684553e-01
1.333903e+00 2.531377e+00 2.689072e-01
4.801881e-01 6.878633e-01 9.225453e-01
-7.497267e-01 -1.369032e+00 -1.940741e-01
-1.320777e+00 -6.982487e-01 -2.835752e-01
3.322316e-01 5.769938e-01 -4.288287e-01
-2.666083e-01 1.488376e+00 -2.268766e-01
6.362020e-01 -8.785312e-01 -1.890210e-01
-1.118315e+00 -7.050246e-01 -1.730915e-01
2.645452e-01 2.870331e-01 -2.742929e-01
9.305941e-02 3.639907e-01 1.327682e+00
-1.196198e+00 1.694516e-01 -9.667135e-01
-8.989278e-01 1.094205e+00 8.841380e-01
-4.539672e-02 1.259640e-01 -6.003399e-01
-5.971676e-01 -8.987919e-02 -6.620429e-01
1.561915e-02 1.572961e+00 1.021642e+00
-6.071839e-01 -1.693035e+00 -1.206715e-01
7.214008e-01 -1.445374e+00 -9.803401e-01
4.642777e-01 -5.434849e-01 1.434026e-01
8.265594e-01 8.573937e-01 -8.346764e-01
9.301203e-02 9.122735e-01 5.969950e-01
-2.262283e+00 -1.586199e+00 1.623487e+00
9.907236e-01 8.491285e-01 1.039100e+00
-1.273816e+00 7.168232e-01 -6.242215e-01
-1.387737e+00 -7.763121e-01 -1.469118e+00
1.552208e-01 -1.984937e+00 -1.392911e-01
7.367248e-02 1.238917e+00 -5.508518e-02
1.029148e+00 6.610820e-01 9.705751e-01
-6.603816e-01 1.111347e-01 -5.327461e-02
-6.188706e-01 -2.168634e-01 -1.905732e+00
-1.895370e-01 -1.219506e+00 3.759237e-01
-5.460351e-01 6.871388e-02 -2.834355e-01
1.625805e+00 -6.587303e-01 4.337257e-01
-1.025458e-01 1.677973e+00 9.230110e-01
-1.430004e+00 -1.564756e+00 4.111272e-01
8.753830e-01 -1.516757e-01 -1.613997e-01
-1.517392e-01 -1.203035e-01 9.255745e-01
-3.699691e-01 4.204191e-01 -1.437837e-01
1.398362e-02 3.411103e-01 -2.024254e-01
-8.166798e-02 -3.510982e-01 -1.247986e+00
1.092477e+00 -6.792250e-01 6.562978e-01
5.277825e-01 6.806697e-01 -3.307263e-01
1.741677e+00 4.815017e-01 -1.439401e+00
-5.463245e-01 -5.603076e-02 -1.591255e+00
1.657368e+00 1.592953e+00 -1.135038e+00
6.736300e-01 7.242918e-02 -1.950872e+00
-8.484800e-02 2.522884e-01 -2.045860e-01
-1.652404e+00 1.117704e+00 -1.002905e+00
6.435637e-01 1.408654e+00 1.174386e+00
-9.143290e-01 2.046822e+00 -2.812325e-01
3.498783e-01 -1.718779e+00 -7.205496e-01
9.808762e-02 3.166207e-01 -3.559094e-02
9.201331e-01 -7.031697e-01 1.503213e+00
4.162481e-01 -1.202280e-01 6.707488e-01
6.882987e-01 -1.984595e-01 -1.149864e+00
-3.270920e-02 4.249695e-01 -2.361356e-01
5.425445e-01 2.592919e-01 1.359582e+00
-5.887830e-03 -5.900879e-01 -1.012604e+00
-1.361745e+00 1.552290e-01 -1.816053e+00
-3.174513e-01 1.667367e-01 2.324246e-01
-2.326764e+00 5.515037e-01 2.175470e+00
8.795543e-01 -7.488595e-01 -1.257874e+00
-6.859588e-01 -2.582131e-02 -2.021075e+00
-1.194232e+00 1.228042e+00 1.870634e+00
-1.220193e+00 -1.459658e-01 1.056031e+00
-8.510834e-01 6.638350e-01 8.581657e-01
6.737400e-01 1.090957e+00 -7.140500e-02
6.358357e-01 1.438912e+00 6.319543e-01
8.352749e-01 1.753305e+00 -3.562762e-01
1.819929e-01 -2.341831e-02 -9.371958e-01
1.232291e+00 -3.438421e-01 4.546603e-01
-9.968418e-01 -1.398652e+00 -5.850345e-01
-8.042378e-01 3.982869e-01 -1.660023e+00
1.833230e+00 -4.633814e-01 -1.166173e-01
8.404621e-02 -2.567734e-01 -1.777572e+00
-4.662263e-01 2.908157e-01 3.805479e-01
-4.587914e-01 1.377496e+00 6.293375e-01
-6.236947e-01 -4.782568e-01 1.234884e+00
6.451329e-01 -5.637409e-01 9.009515e-01
-1.851581e+00 1.637341e+00 -2.371351e+00
8.433423e-01 -1.416716e+00 5.556005e-01
1.093867e+00 -8.154504e-01 3.689298e-01
4.565758e-01 2.081931e-01 -2.875281e-01
2.731308e-01 6.898534e-01 2.385566e+00
-1.916821e+00 -4.261333e-01 -1.431777e-01
1.629991e-01 -1.893788e+00 1.398832e+00
9.204371e-01 1.401798e+00 7.151022e-01
-6.672755e-01 3.106638e-01 1.136559e+00
-4.666191e-02 4.304179e-01 -6.682178e-01
-6.137710e-01 -3.221150e-01 -1.202699e+00
-3.749339e-01 -1.666669e+00 1.251167e+00
5.169408e-01 -2.546305e-01 4.679793e-01
5.389145e-01 4.867154e-01 8.283929e-01
1.524959e-03 -1.436891e+00 6.167080e-01
-1.077863e-01 -7.302622e-01 -2.587956e-01
6.903469e-01 3.626075e-01 7.270019e-01
1.480780e+00 1.826398e+00 1.201907e-01
9.054561e-01 1.980264e+00 5.881232e-01
1.630140e+00 -1.246440e-01 1.708680e-01
5.301958e-02 2.716167e-01 -1.640369e+00
-1.677867e+00 -2.836145e-01 -6.053168e-01
-3.060464e-01 -9.566610e-02 -6.842097e-02
-1.615309e-01 1.766269e+00 -4.300742e-01
1.127484e+00 -5.386327e-02 6.573148e-01
-2.780867e-02 3.200807e-01 -1.488302e+00
2.901073e-02 2.468312e+00 1.338896e-01
-8.388834e-01 2.964229e-01 9.988378e-02
-9.976092e-01 -1.337372e-02 4.178569e-01
1.968534e-01 -7.645909e-01 3.204576e-02
-1.567023e+00 8.778586e-01 -8.172280e-02
7.681290e-02 -3.118343e-01 1.639512e-01
2.294938e-01 1.699712e+00 -9.380786e-01
1.164473e+00 -6.439660e-01 -2.685426e-01
1.356057e-02 4.025695e-01 -1.569235e+00
-1.131700e+00 1.329351e+00 1.826175e-01
-6.985199e-01 9.534804e-01 -1.353314e+00
-1.283327e+00 1.374014e+00 -1.239663e+00
-1.034352e+00 6.610043e-01 -4.263430e-02
8.587217e-01 1.659954e+00 1.033840e+00
-1.128605e+00 1.387380e+00 -2.461599e-01
4.250967e-01 1.663806e-01 4.793123e-01
1.016141e+00 5.090765e-01 1.753894e-01
-3.138625e+00 1.220510e+00 -1.098054e+00
-4.920306e-01 1.049032e+00 -1.220627e+00
1.610152e+00 -2.043138e+00 1.628452e+00
4.739776e-01 9.446198e-02 -1.000291e+00
-2.311531e+00 8.351578e-02 -1.360130e+00
-4.531812e-01 2.428304e+00 -8.953622e-02
-8.316694e-01 -3.454628e-01 8.424057e-01
-2.631295e-01 3.399212e-01 -7.064873e-01
-2.533745e-01 -1.650573e+00 7.137356e-01
1.046410e-01 5.802726e-01 8.906129e-01
-3.384375e-01 -3.704806e-01 1.410686e+00
-1.148028e+00 1.275285e+00 2.743261e-01
-5.277219e-01 -1.023821e+00 4.079422e-02
-1.208107e-01 8.679826e-01 -7.218531e-01
1.742859e-01 1.417795e+00 1.048662e+00
-6.388964e-01 -1.718186e+00 -1.272768e+00
-8.507843e-02 -8.914944e-02 -1.331273e+00
1.626897e+00 -4.268754e-01 4.599494e-01
7.295082e-01 6.436901e-01 -2.047469e+00
3.873684e-01 8.266460e-01 8.673819e-01
1.360746e-01 -4.723044e-01 -7.476937e-01
1.585934e-01 -9.857404e-01 -6.971648e-01
-8.736462e-02 -8.704690e-01 1.518322e+00
-7.311712e-01 -8.941867e-01 -1.340376e+00
1.246711e+00 2.471823e-01 3.635884e-01
7.123430e-01 -9.287502e-01 -1.899634e+00
-1.172563e+00 -1.692963e-01 -1.798689e+00
4.389516e-01 4.797362e-01 -1.472247e-01
-5.256981e-01 -1.040138e+00 -5.525809e-01
4.521468e-01 1.011460e+00 9.871694e-02
8.294475e-01 1.510910e+00 -6.214361e-01
2.102922e+00 -2.198771e+00 -5.681839e-01
5.110402e-01 3.817872e-01 1.644875e+00
2.141030e+00 5.595889e-02 -2.278984e+00
-6.132325e-01 -5.282690e-01 1.561236e+00
2.056055e+00 8.059903e-02 -2.103742e-01
-2.445903e-02 -1.365845e+00 -1.118466e+00
1.682877e+00 -3.186166e-01 -9.316588e-01
1.108862e+00 1.491046e+00 -1.169682e+00
9.553077e-01 1.475313e+00 -4.622695e-02
-4.413050e-01 4.893200e-01 1.157146e-01
-4.628945e-01 4.573372e-01 -3.607002e+00
1.093086e+00 1.935277e-01 8.140557e-01
-1.376710e+00 -4.397397e-01 -7.498816e-01
2.181715e-01 6.578978e-01 -1.000089e+00
-2.191496e+00 -1.581792e+00 -1.700291e+00
9.015237e-01 1.829265e-01 -1.290165e+00
1.915389e+00 -9.978674e-01 -1.156260e+00
9.855219e-01 -1.346778e+00 -6.180997e-01
1.929464e-01 -1.353945e-01 2.494823e-01
-3.910029e-01 4.427799e-02 -5.762493e-01
-7.763018e-01 1.060322e+00 -7.525929e-01
-3.170170e-01 6.942882e-01 1.441622e+00
2.330683e-02 -9.161430e-01 -8.313059e-01
5.515734e-01 -2.042073e-01 9.397610e-01
1.462126e+00 1.630269e+00 -9.377563e-01
1.346589e+00 4.932703e-01 3.020958e-02
-3.761499e-01 -6.046424e-01 -7.633705e-01
-1.336436e-01 -1.645431e+00 1.061648e+00
1.275738e+00 -2.645417e-01 -1.683258e-01
3.881000e-01 6.794388e-01 7.146483e-01
-1.562745e+00 -9.721626e-01 4.151939e-01
5.030730e-01 -1.332758e+00 -1.066779e+00
-1.354963e+00 -7.460050e-01 -7.125306e-01
1.230156e+00 -4.155441e-01 6.084922e-01
-1.014743e+00 -1.341163e+00 -7.939460e-01
2.246048e-01 1.023402e+00 -6.067398e-01
-1.541075e-01 -7.765095e-01 -3.523336e-01
-2.012554e+00 8.772384e-02 2.842510e-01
1.662183e+00 1.274198e+00 -1.042530e+00
9.472571e-01 -8.982740e-01 1.934979e+00
-2.575168e+00 4.320150e-01 -1.487927e+00
3.949208e-01 -2.787408e-02 -4.087315e-02
-2.428677e-01 -1.353067e+00 -2.458818e-01
7.430637e-01 1.062436e+00 1.061833e+00
2.161061e-02 -1.671253e-01 -1.000708e+00
1.821321e+00 6.867355e-01 3.905359e-01
-1.637943e+00 5.077920e-01 1.019747e+00
9.489429e-02 -4.691990e-01 8.792445e-01
-1.733514e-01 5.103845e-01 1.176922e+00
5.551675e-01 -8.915054e-01 6.104139e-01
4.232302e-01 -6.008171e-01 6.784114e-01
-8.098722e-01 8.263230e-01 2.061199e+00
-1.254405e+00 -2.032952e+00 -9.332551e-01
7.815068e-01 -1.271290e+00 -7.974248e-01
-1.118096e+00 5.794396e-01 8.144590e-01
-8.502467e-01 -3.860276e-01 -4.231854e-01
2.373500e-01 1.084460e+00 6.061726e-01
2.070195e-01 -4.692072e-01 -1.018822e+00
3.596737e-02 -1.073173e+00 2.857669e-01
-2.561782e-01 1.168387e+00 -1.244277e+00
-5.815602e-01 -9.604304e-01 -2.261207e-01
3.217572e-02 -2.764831e-01 -1.712249e+00
-2.522637e-01 1.063657e-01 7.751890e-01
-4.302182e-01 -3.579920e-01 -7.977867e-01
5.569823e-01 -1.099357e+00 1.017340e-02
6.030528e-01 6.196850e-01 -5.825610e-01
-4.184941e-01 -7.715273e-01 9.478269e-01
1.640291e+00 8.636224e-01 -6.776816e-01
8.564289e-01 -1.543434e+00 8.957719e-01
5.051997e-01 4.323762e-02 -5.951963e-01
8.359592e-02 9.466702e-01 -3.058008e-01
2.785147e-01 -1.192791e+00 -3.141910e-01
-7.011024e-02 -1.527447e+00 3.379181e-01
-3.626188e-02 1.627511e-01 -2.812308e-01
-2.256347e+00 -6.500904e-01 -1.373875e+00
-1.457184e+00 3.814325e-01 1.214839e+00
-4.389926e-01 -2.349765e-02 -2.018690e+00
-2.140121e-02 2.013714e-01 -2.909739e-01
-9.140082e-01 -3.812599e-02 4.329444e-01
1.046913e+00 -3.531565e-01 6.952244e-02
2.968577e-01 -5.540298e-01 8.098142e-01
-1.038269e+00 -7.300520e-01 -1.059650e+00
-2.274568e-01 -7.852827e-01 -1.993093e-01
9.043124e-01 5.064913e-01 -7.186016e-02
-1.479743e+00 8.591347e-01 -1.588621e+00
-4.400975e-01 9.150962e-02 1.327279e-01
1.606637e+00 1.513411e+00 -2.335239e-02
-1.028012e+00 -5.802203e-01 1.486550e+00
-9.665331e-01 -5.303938e-01 -3.315483e-01
7.425411e-01 -1.087916e+00 3.472339e-01
1.660100e+00 -7.697884e-01 1.093398e+00
-1.878043e+00 -4.922753e-01 5.780371e-01
1.331118e-01 6.196176e-02 -8.206198e-01
1.490890e-01 -5.483637e-01 -1.000715e+00
8.570968e-01 2.501537e-01 -1.020185e+00
6.665090e-01 4.834950e-01 2.097552e+00
2.030266e-01 8.733323e-01 -8.076741e-02
-2.879343e-01 -4.639820e-01 -8.538043e-01
1.207578e+00 -7.300606e-02 -2.179321e+00
-2.743333e-01 -2.219644e-01 2.094496e-01
1.211681e+00 4.556983e-01 -1.118722e+00
1.421951e+00 8.291044e-01 3.145276e-01
-7.014461e-01 7.904729e-01 -8.468778e-01
-9.725971e-02 5.296454e-01 -6.283902e-01
-1.257444e-01 -5.291723e-02 -7.255437e-01
9.048831e-01 1.984967e-01 4.630106e-01
7.457084e-01 -5.487757e-01 9.844291e-01
-1.913412e+00 6.548366e-01 -3.740448e-01
-1.203386e+00 6.825245e-01 3.803254e-01
4.141501e-01 -1.328638e+00 -1.927435e+00
-1.427873e+00 -1.047499e+00 -1.325621e+00
1.126585e+00 3.181627e-01 -1.108838e+00
1.073358e+00 -5.916588e-02 -1.768981e-01
-8.046338e-01 8.490061e-01 6.440139e-01
1.405562e+00 -6.299751e-01 -1.828503e-01
-9.373250e-01 8.779377e-01 7.906869e-02
3.938168e-01 -6.452271e-01 1.584739e-01
2.397263e+00 -1.356705e+00 -1.513042e+00
-1.504954e+00 -8.951044e-01 3.762374e-01
-1.371801e+00 1.944251e-01 -8.221903e-01
3.606766e-01 -7.953276e-02 1.961264e+00
-7.502928e-01 -1.391987e+00 6.808933e-01
3.634280e-01 -6.891280e-01 -9.901073e-01
-2.747107e+00 -3.272363e-01 -2.910815e-01
5.226698e-01 -2.869850e-01 -1.088373e+00
1.046425e+00 -1.203159e+00 -1.132622e+00
1.043426e+00 -1.289119e+00 1.276263e+00
-3.937834e-01 -5.276951e-01 -8.588999e-01
6.756752e-01 -1.412256e+00 1.467138e+00
1.680740e-01 -4.750067e-01 4.633877e-01
8.956531e-01 1.031646e-02 -5.866411e-02
-1.670009e-01 8.885994e-02 -1.083527e+00
8.472549e-01 -1.083139e+00 8.644107e-01
-2.056295e-01 8.315491e-01 -1.061448e+00
1.130460e+00 2.852716e-02 2.067658e-01
-5.467188e-01 -1.015675e+00 4.159218e-02
-1.783084e-01 1.965896e+00 -5.673004e-01
-4.149339e-02 6.550001e-01 -1.923384e+00
-6.220913e-01 -9.741048e-01 -1.919070e+00
-8.263753e-02 -5.627862e-01 1.120841e+00
6.444498e-02 -5.870512e-01 -3.696441e-01
5.242488e-01 -4.939992e-01 7.315412e-01
1.545865e+00 -5.031727e-01 9.729797e-02
-6.933328e-01 2.103278e+00 -1.064239e+00
-7.556810e-02 -5.282407e-01 -3.617140e-01
1.701349e+00 -1.616561e-02 4.342711e-01
-8.225423e-01 -1.137580e+00 -5.060607e-01
-9.055925e-01 -7.103025e-01 -9.863171e-01
6.821130e-02 -6.901932e-01 -7.331905e-01
-5.067865e-01 -5.210593e-01 -9.754589e-02
2.525317e+00 1.008882e+00 -4.696895e-01
-3.441296e-01 1.938535e-01 -1.583631e+00
2.536062e-01 -1.202034e+00 -6.401288e-01
1.088654e+00 9.959168e-01 5.944022e-01
-5.874926e-01 1.717972e+00 8.056110e-01
1.198666e+00 8.342665e-01 2.259228e+00
-9.440476e-01 5.961544e-01 6.813736e-01
-1.576094e+00 -1.270014e+00 7.768981e-02
7.324887e-01 1.815350e+00 -2.827685e-01
-8.858657e-01 -8.581262e-01 7.815330e-01
-1.556034e+00 1.227373e+00 -5.057169e-02
-1.553539e-01 6.229603e-01 1.966267e-01
7.629214e-01 -9.683407e-01 -6.067054e-01
-1.737402e+00 -2.226259e-01 4.005055e-01
-1.014760e+00 5.792292e-01 1.330050e-01
3.059894e-01 4.187107e-01 9.274702e-01
7.696778e-01 -5.141879e-01 7.126437e-02
1.913268e+00 -6.102328e-01 9.527968e-01
2.557364e-02 -1.837885e+00 1.980894e+00
-9.676783e-02 -8.871943e-01 8.624665e-01
-7.811530e-01 -1.235282e+00 -4.030942e-01
1.218762e-01 3.001208e-01 -6.115461e-01
1.039533e+00 -1.478760e+00 -5.253274e-01
1.280754e-01 1.380989e+00 -1.781721e+00
1.164236e+00 -1.128802e+00 4.009347e-01
3.072814e-01 4.711002e-01 6.276889e-01
-1.135337e+00 -6.655895e-01 -1.241956e-01
-8.137193e-02 -2.691888e-02 1.246960e-01
-3.025970e-01 1.438622e+00 -2.087639e+00
-7.733851e-01 8.951075e-01 -1.928747e-01
-1.375282e-01 9.584859e-01 7.189912e-01
-6.197762e-01 -8.682189e-01 -4.209538e-01
4.978588e-02 9.621797e-01 -7.492686e-01
-1.121367e+00 -3.798582e-01 -5.877480e-01
7.993601e-01 -9.422371e-01 1.976979e-01
3.497551e-01 3.468378e-01 -8.061528e-01
5.667580e-01 -4.170206e-01 -1.428352e+00
9.812618e-01 3.522000e-01 8.400814e-01
-8.044638e-01 8.357395e-01 -2.488478e-01
4.367816e-01 -1.450698e+00 1.854796e+00
7.867376e-02 1.878603e+00 2.963937e-01
-1.084963e+00 1.208332e+00 1.635211e+00
2.801079e+00 -4.956684e-01 4.550995e-01
-9.491936e-01 4.066459e-01 -1.130154e+00
-5.394531e-01 -2.073402e-01 -7.136240e-01
1.910920e+00 1.176871e+00 1.251722e+00
5.839402e-01 9.806602e-01 -2.636150e+00
-2.009341e-01 -1.150437e-01 6.615702e-01
-4.814245e-01 2.186875e-01 8.230466e-01
1.525046e-01 6.178296e-01 -1.218523e+00
4.704694e-01 -7.446014e-01 1.315631e+00
-1.890110e-01 -1.783978e+00 1.724340e+00
-3.566348e-01 -6.055860e-01 4.347939e-03
-1.626747e+00 4.656228e-01 1.418290e+00
-3.979727e-01 -2.487007e-01 -4.342952e-01
1.281877e+00 4.838859e-01 -1.796426e-01
5.368826e-02 2.352874e+00 -6.896702e-03
-1.144681e+00 -8.176434e-01 -5.190914e-01
-8.652933e-01 -6.387814e-01 7.327564e-01
-1.926005e+00 6.042068e-01 1.489861e+00
1.504963e-01 5.884739e-01 3.180237e-02
4.459119e-01 -3.839866e-01 1.304684e+00
-5.375680e-01 1.734063e+00 6.035091e-02
1.801362e+00 1.905597e-01 1.196457e+00
-1.417443e-01 6.126740e-01 -1.598889e+00
-1.508930e+00 7.870253e-01 1.193048e+00
-1.799659e+00 -9.910855e-01 1.650063e-01
-6.939982e-01 -1.000773e+00 6.089264e-01
-1.847758e-01 -9.547217e-02 1.724454e+00
1.408587e+00 -2.367130e-01 1.315138e+00
-2.760609e+00 -9.216190e-01 1.009183e+00
-1.010167e-01 1.384074e+00 4.170907e-01
5.594645e-01 -4.707672e-01 -8.966614e-01
1.003194e-01 6.788762e-01 1.090644e+00
-6.435852e-01 6.213126e-01 -1.656870e-01
-9.923367e-01 -7.734708e-01 -7.642643e-01
3.062630e-01 1.545436e-01 -1.773078e-01
-1.358243e+00 4.925875e-01 -2.072482e+00
8.212740e-01 -1.353989e+00 -1.038892e+00
-1.016707e+00 1.248464e-01 -1.040369e+00
1.537881e+00 -1.287182e-01 1.308628e+00
5.542408e-01 1.221632e+00 -1.628610e+00
-6.948990e-01 8.701077e-01 -1.234638e+00
9.589144e-01 1.025896e+00 -1.473195e+00
4.785965e-01 5.288443e-01 6.805866e-01
-6.567910e-01 2.773230e-01 4.153168e-01
-6.538785e-01 -6.596989e-01 8.421358e-01
1.726459e+00 -3.212446e-01 -2.046950e+00
-1.475286e+00 -2.879116e-01 1.204256e+00
2.969969e-01 -1.866522e+00 1.228347e-02
-1.231790e+00 -6.944508e-01 9.554810e-01
-2.996212e-01 -5.884769e-01 -4.160894e-01
-5.108945e-01 9.857462e-01 1.212271e-01
-8.556519e-01 1.176697e+00 5.808858e-01
4.936350e-02 -5.645153e-01 -8.246179e-01
2.029753e+00 -1.404158e+00 2.203012e-01
4.544995e-01 9.086918e-01 6.313270e-01
6.431940e-01 1.214635e+00 5.190088e-01
1.753402e+00 -3.757470e-01 6.270455e-01
-6.112724e-01 -7.666856e-01 -4.118301e-01
7.779281e-01 8.845204e-01 7.272899e-01
1.611477e+00 1.026382e+00 2.563623e-01
-6.012817e-01 -2.045628e+00 -5.730314e-01
4.398846e-01 -9.028129e-01 -6.347944e-02
4.893016e-01 -1.111329e+00 1.105490e+00
-8.709661e-01 1.820751e-02 1.246489e+00
1.398348e-01 -1.524463e+00 1.947434e-01
-2.775957e-01 6.267212e-01 3.039360e-01
1.895362e+00 1.030932e-01 1.290733e+00
-1.009554e+00 -6.411652e-01 4.074757e-01
1.401331e+00 -2.118333e+00 -4.599647e-01
1.890661e-01 1.319757e+00 1.486031e+00
1.265606e+00 6.036016e-01 -2.879490e-01
-4.978096e-01 -1.077316e+00 7.020729e-01
-3.795869e-01 -4.687586e-02 7.244570e-01
-6.985024e-01 -1.371994e+00 7.478205e-01
5.879529e-01 4.485943e-02 -1.616128e+00
1.396355e-01 2.512052e-01 3.928878e-01
-2.978848e-01 -1.043749e+00 1.671612e+00
7.474628e-01 1.102399e-01 -6.535265e-01
3.588709e-01 8.260092e-01 -1.064946e+00
1.037655e+00 -3.054416e-01 -7.139501e-01
9.628968e-01 1.443901e+00 -1.009355e+00
4.620838e-01 -2.037909e-01 6.823392e-01
1.625160e+00 -1.062500e+00 -4.105528e-01
6.331381e-01 -3.402539e-01 -1.363989e+00
-1.351791e+00 -7.769539e-01 -8.661753e-01
1.001532e+00 -1.767014e-01 2.156404e+00
3.196750e-01 1.492321e+00 1.570718e+00
5.661619e-01 1.792817e+00 -4.828703e-01
7.647720e-01 -5.730093e-01 -8.687095e-02
7.616156e-01 7.220740e-01 -1.165511e+00
1.698302e-01 2.598314e-01 -1.711573e+00
-3.789673e-01 -1.005483e+00 -7.781450e-01
1.058861e+00 -2.289267e+00 1.260485e-01
1.920619e-01 4.426917e-01 -7.631432e-02
-9.007654e-01 4.563790e-01 -5.847454e-01
1.863513e-01 2.726058e-01 -3.093033e-01
1.520850e-01 1.073805e+00 -2.573019e+00
1.476222e+00 -6.849394e-01 2.625133e-01
7.999309e-01 -8.875015e-02 1.259763e+00
-1.136814e+00 3.842914e-01 1.939310e+00
5.160609e-01 -3.524438e-01 -3.327904e-01
-4.436050e-02 -2.076961e+00 6.886016e-01
-8.949422e-01 -2.032126e+00 -7.224757e-01
9.945996e-01 5.512417e-02 -1.075097e-01
-6.492044e-01 -2.031767e+00 -2.450678e-01
-2.232765e+00 -1.042256e+00 -5.659351e-01
2.089446e+00 -1.832712e-01 9.464395e-01
6.958764e-01 1.502948e-01 -1.059897e+00
1.054398e+00 1.168136e+00 -2.558096e-01
1.477375e+00 -3.305509e-01 3.708875e-01
2.152067e+00 -1.945305e+00 -1.302721e+00
-8.303148e-02 -1.483165e+00 9.411623e-01
4.355179e-01 3.798067e-01 -2.913749e-02
2.189231e-01 -5.350919e-01 -1.915796e+00
-3.603326e+00 1.030124e+00 5.009862e-01
-1.283452e+00 -8.859177e-01 -1.161793e+00
-5.268313e-01 -7.125192e-02 7.497134e-01
4.673116e-01 -7.695567e-01 -7.936450e-01
5.026742e-01 6.637831e-01 8.582032e-01
1.225759e+00 -7.089255e-01 -1.841918e+00
4.409753e-01 -8.169261e-01 -2.525465e-01
1.482742e+00 -2.813947e-01 2.828407e-01
-2.320010e-01 1.091739e+00 -1.107830e+00
-3.066970e-01 3.940188e-01 4.518374e-01
1.325163e+00 1.039226e+00 -9.314640e-01
9.719726e-01 -1.348635e+00 7.568349e-02
9.363062e-01 1.581906e-01 9.771296e-01
7.619840e-03 3.946852e-01 4.885168e-01
-4.176643e-01 1.226871e+00 -9.018149e-02
-2.629263e-01 1.253390e+00 -4.187740e-01
1.918598e+00 -9.029456e-01 7.578975e-02
-7.370249e-01 1.395395e-01 -2.358520e+00
4.623942e-01 -2.053656e-01 1.161360e+00
1.772710e-01 -2.675684e+00 -4.727766e-01
-1.255877e+00 -5.217148e-02 -2.008515e+00
3.248292e-01 3.749943e-01 5.373431e-01
7.518591e-01 -1.277996e+00 -5.357269e-01
1.326352e-01 8.814981e-01 3.525513e-01
-3.004061e-01 4.092179e-01 -1.639236e-01
9.996539e-01 -7.225393e-01 3.705887e-01
5.637724e-01 -2.115473e+00 -1.777867e-02
1.203141e+00 7.256426e-01 -1.272795e+00
1.718412e-01 7.134181e-01 -2.044812e+00
3.494295e-01 1.331773e+00 -6.951585e-01
5.529536e-01 -2.163625e-01 -1.201630e+00
-9.270671e-01 -8.268620e-02 2.090897e-01
7.783860e-01 -8.047989e-01 -4.060571e-01
6.206883e-01 1.324014e+00 3.754127e-02
-1.541230e-02 -4.318460e-01 2.954394e-01
-3.257343e-01 -9.672992e-01 7.442584e-01
-7.092482e-01 -4.475778e-01 9.900113e-01
-1.158951e+00 4.082852e-01 1.459205e+00
1.419824e+00 8.309234e-01 1.377533e+00
-1.178563e-01 6.269373e-01 -1.370073e+00
7.857331e-01 -2.859453e+00 9.030218e-01
1.296840e+00 4.948839e-01 -1.351139e+00
1.580855e+00 -1.004791e+00 -9.834928e-01
2.691247e+00 -1.362835e+00 -5.285803e-01
3.807305e-01 1.018567e+00 3.043963e-01
-7.310609e-01 5.253760e-01 -1.648817e-01
-2.795853e-01 -1.662810e-01 4.845172e-01
-5.189246e-01 1.107154e+00 4.915313e-01
3.568388e-01 1.546523e+00 -1.326061e+00
-7.390679e-02 -1.388709e+00 -4.863534e-01
5.516128e-01 -5.791748e-01 1.740249e-01
2.372791e+00 3.741195e-01 -1.302297e-01
-1.441414e+00 -1.411016e+00 -1.199799e-01
1.219075e-01 7.121300e-01 -8.861608e-01
8.395876e-01 -1.940023e-02 9.403892e-01
-9.819246e-01 1.067916e+00 1.881422e+00
-9.116494e-01 -8.431426e-01 -1.352245e+00
-4.456616e-01 3.931242e-01 -1.250319e+00
-3.801085e-01 1.100522e+00 2.072664e-01
-1.763652e-01 -1.967710e+00 5.157790e-01
-4.510061e-01 1.336706e+00 6.107151e-01
-1.401156e-01 3.566050e-01 -5.384787e-01
-2.822360e-01 5.348948e-01 7.606712e-02
-9.152933e-01 6.574813e-01 3.444728e-01
2.100895e+00 -2.026161e-01 -6.673835e-01
1.395356e+00 3.335518e-01 6.974738e-01
1.882150e+00 1.374700e+00 -8.056717e-01
2.929612e-02 -1.498111e-01 -1.931297e-01
-3.782269e-01 3.285339e-01 7.478937e-01
1.431568e+00 3.679395e-01 7.976633e-01
-5.407902e-01 5.117988e-01 1.349742e+00
7.534304e-01 -1.599612e+00 -4.435645e-01
-1.253941e-01 5.478419e-01 -1.307279e+00
-7.199700e-02 -1.016214e+00 -4.439820e-01
9.602522e-01 3.983573e-01 8.759995e-01
-1.393566e+00 7.289827e-01 1.007494e+00
7.416414e-01 -1.402632e+00 -1.488971e+00
8.908585e-01 -5.223579e-01 -3.197792e-01
6.715276e-01 -1.842818e+00 -1.140165e+00
1.818267e+00 4.723001e-01 -8.595105e-01
1.619326e-01 5.119011e-01 3.313598e-01
-5.643279e-01 -3.768240e-01 2.081858e-01
5.867971e-01 -7.087863e-01 2.472527e+00
-8.261927e-01 1.082330e-01 1.303643e+00
-1.207959e+00 -1.050501e+00 -1.179369e+00
-5.173631e-01 1.029491e+00 -1.676757e+00
5.971412e-01 1.121855e+00 -1.600089e+00
5.889137e-01 5.171813e-01 -9.156233e-01
-8.724998e-01 4.548486e-01 -1.715271e+00
6.914049e-01 -5.427050e-02 -3.398945e-01
9.598301e-03 -1.325786e+00 8.345127e-02
-2.115320e-01 -5.648506e-01 -6.653992e-01
-8.215764e-01 -2.563396e-01 -1.351079e+00
9.201730e-01 -5.464523e-01 1.093986e+00
-1.025475e+00 -1.584754e+00 1.903974e+00
2.690791e-01 -2.803330e-01 -1.150495e+00
1.641999e+00 -1.246004e+00 1.871803e+00
-1.113975e+00 -7.933720e-01 7.386075e-01
-1.749677e-01 -1.975727e-01 1.784544e+00
-7.879134e-01 -1.135383e+00 -2.029781e+00
-9.394469e-02 -1.469367e+00 1.704165e-01
-7.910219e-01 -5.093866e-01 3.666294e-01
-1.639523e+00 6.446053e-01 -4.013906e-03
-1.884071e+00 -1.015738e+00 5.370323e-01
-5.129470e-01 5.535637e-01 -6.266306e-01
4.322641e-01 -3.726912e-01 1.386499e-01
-1.149004e+00 -7.996188e-01 1.145613e+00
7.318943e-01 9.531156e-01 -3.902613e-01
-1.413364e+00 6.757373e-01 1.702253e-01
2.550906e-01 -1.722656e+00 -9.702022e-02
-2.581626e-01 -1.072450e+00 -1.788080e-01
7.639600e-01 1.652607e-01 2.846535e-01
2.388893e-01 -8.131618e-01 -2.293447e-01
-1.315995e+00 6.977532e-01 -3.501878e-01
-4.704444e-01 3.209576e-01 -5.077424e-01
-1.107233e+00 -9.714087e-01 -2.178984e-01
-1.124264e-01 -1.186051e+00 1.472019e-01
-4.441037e-01 4.007770e-01 2.129363e-01
-1.291306e+00 -2.709293e-01 1.040124e+00
3.767538e-01 6.030236e-01 6.483570e-02
4.069763e-01 -5.909156e-01 2.426775e+00
8.306364e-01 -8.061243e-03 -8.906572e-01
5.202841e-02 4.756939e-01 4.336744e-01
5.467175e-01 -2.779321e+00 -4.704593e-01
5.385130e-01 9.434703e-01 8.936644e-01
-1.160929e-01 -1.281257e+00 -3.911542e-01
-8.186315e-01 -2.174756e+00 3.568489e-01
1.149564e+00 -1.588704e+00 -7.627083e-01
1.875339e-01 2.538605e-01 -3.549939e-02
-4.347964e-01 -5.038343e-02 -6.411664e-01
1.924091e+00 -1.958275e-01 1.415305e+00
-2.254485e-01 1.972611e-01 -8.100250e-01
1.092846e+00 2.343386e+00 -2.615817e-01
1.450668e+00 2.708600e-01 2.488195e-01
7.612431e-01 -8.244547e-02 -3.348637e-01
6.646707e-01 2.771990e-02 -3.107752e-01
6.104574e-01 1.447235e+00 -1.376810e+00
1.280571e-01 1.620776e+00 3.235573e-01
1.435895e+00 -1.286979e-02 6.813015e-01
-1.116119e-01 7.056982e-01 9.719052e-01
-7.327336e-01 -4.931610e-01 1.907427e+00
1.362956e-02 1.359061e+00 -7.803046e-02
-6.117851e-01 -1.462554e-01 4.059133e-01
1.035106e+00 2.604681e+00 -9.419648e-01
5.519379e-01 -8.777622e-01 -1.744229e+00
-7.416959e-01 1.059497e+00 2.232802e-01
-7.121565e-01 3.666146e-01 7.472269e-01
-1.259929e+00 -3.530482e-01 5.794056e-01
1.114229e+00 -1.299615e+00 8.628120e-01
6.064943e-01 1.638504e+00 3.857911e-01
2.485977e+00 -1.360989e+00 -4.533194e-01
2.964566e-01 1.675016e+00 -6.312315e-01
-4.273146e-02 -1.792528e+00 1.436483e+00
-6.007118e-01 2.039846e+00 5.648987e-02
1.440951e+00 1.142739e+00 -9.911258e-01
-3.859359e-02 -9.640733e-01 -1.665631e-01
-3.523421e-01 1.413490e+00 -1.369356e+00
1.246386e+00 -9.736499e-01 -2.042794e+00
-8.258234e-01 1.374956e+00 -2.011858e-01
4.031161e+00 -4.657877e-01 1.187503e+00
8.064417e-01 -4.224446e-01 -2.185326e+00
-1.651985e+00 -7.532196e-01 -2.372439e-01
-5.122540e-01 9.055367e-01 -8.194517e-03
7.063973e-01 -1.849689e+00 5.268992e-01
-1.039953e+00 1.305445e-01 -1.300771e-01
-2.734927e-01 -1.877218e+00 -2.043601e-01
-9.533329e-01 1.328263e+00 6.048147e-01
9.615755e-01 1.880422e-01 5.297082e-01
-5.900243e-02 1.398248e+00 -9.549033e-02
1.550305e-01 -2.156048e-01 4.392080e-01
1.535167e+00 4.740785e-01 -1.365516e-01
-2.282063e+00 2.863159e-01 -7.351066e-02
-6.179178e-01 -6.720920e-01 3.452843e-01
-1.813126e-02 -7.453077e-01 2.501249e-01
-8.855935e-01 -1.145272e+00 -3.753568e-01
2.632419e+00 -2.020683e-02 2.951197e-01
4.040763e-01 -9.671426e-01 -7.715580e-02
-4.369778e-02 -6.878182e-01 -1.205038e+00
7.951700e-01 -1.291897e+00 8.725302e-01
-1.506812e+00 -4.526467e-02 -1.962075e+00
-2.822115e-01 -2.989640e+00 4.843135e-01
1.041280e-01 -2.090583e+00 1.158696e+00
3.543014e-01 -8.279128e-01 1.773771e-01
-7.347654e-01 -5.309780e-01 -1.032721e+00
1.104921e+00 -5.225664e-01 1.143401e+00
6.151413e-01 1.085350e+00 1.224177e+00
1.225750e+00 -1.713757e+00 7.720988e-01
1.485045e+00 3.317503e-01 -8.305171e-01
-1.159483e+00 -1.014764e+00 -3.530302e-01
-7.797423e-01 -5.257970e-02 -3.916790e-01
-1.554697e-01 4.789636e-03 -8.113352e-02
-1.277388e+00 -4.909981e-01 2.723783e-01
1.086437e+00 -5.837729e-01 1.277458e+00
-6.190380e-01 -7.919510e-01 -1.200056e+00
1.170909e+00 -1.196828e+00 4.409795e-01
-1.096683e+00 -8.792956e-01 3.297306e-01
-5.570449e-01 3.760860e-01 -3.767825e+00
-4.692887e-01 -1.356222e+00 -1.651548e+00
1.016428e+00 -4.486871e-01 1.737669e-01
-1.002206e+00 -3.511986e-01 8.854753e-01
-2.341936e+00 -5.039347e-01 7.185936e-01
1.133073e+00 1.258411e+00 -4.825799e-01
-9.338312e-02 3.162224e+00 -1.471895e+00
-2.534049e-01 5.346104e-01 1.998423e+00
5.245143e-01 -5.367595e-01 1.273925e+00
1.250760e-02 -1.793468e-01 4.111049e-01
-1.702179e-01 -7.029990e-01 -2.307091e-01
2.834968e-01 2.480875e-01 -6.478778e-01
1.029877e+00 -6.918422e-01 -1.396353e-01
-1.135759e+00 -5.372475e-01 -2.330758e-01
-1.044072e+00 -6.520780e-02 -8.706847e-02
-2.190608e-01 -4.957637e-01 -7.706200e-01
-1.676237e-01 -7.719232e-01 -2.525356e-01
6.071204e-01 -2.752866e-01 3.952815e-01
-8.134339e-01 1.128695e-01 -1.211247e+00
1.580173e-01 5.313541e-01 1.892690e-01
1.724334e+00 1.144919e+00 -2.844465e-01
1.136324e-01 1.221726e+00 -4.929853e-01
-1.847806e-01 5.170965e-01 -2.558937e-01
3.414741e-01 1.597034e-01 -1.241177e+00
8.718936e-01 -3.461321e-01 -1.193107e-01
7.378609e-01 1.286021e-01 -6.422159e-02
3.130209e-01 8.827881e-02 6.116136e-01
-5.572731e-01 5.850754e-01 2.079970e+00
-2.247681e+00 2.305101e+00 2.113706e-01
7.954525e-01 8.235309e-01 7.288698e-01
1.112906e+00 -2.104130e+00 1.337909e+00
5.632245e-01 -1.021763e+00 1.032215e-01
3.732757e-01 1.881540e-01 -2.863676e-01
4.927386e-01 -3.763875e-01 5.237361e-01
7.394020e-01 -3.298365e-01 -8.329923e-01
8.721492e-01 -1.743710e+00 1.406930e-02
-9.817898e-01 -1.708532e-01 3.718271e-01
3.305810e+00 -1.017992e-01 1.116077e+00
-1.784748e+00 2.011505e-01 -6.860052e-01
1.975702e-01 1.312329e+00 -1.047728e+00
9.945071e-01 -7.990987e-01 -4.895568e-01
7.537931e-01 -1.182728e+00 -7.984179e-01
1.125275e+00 -8.205199e-01 1.497934e+00
-3.370291e-01 1.196850e-01 8.537446e-01
-2.847267e-01 -1.009131e+00 -1.977736e+00
-3.539880e-01 4.906466e-01 -9.743589e-01
5.912668e-01 2.674995e-01 -1.240192e+00
8.473149e-01 1.937281e+00 1.994674e+00
1.182449e+00 5.991491e-02 -1.216252e+00
-1.899982e-01 -1.845944e-01 -1.894075e+00
-6.494482e-01 -9.217111e-01 -6.330211e-01
-6.207994e-01 -5.366250e-01 1.686283e+00
8.326737e-01 5.507460e-01 -1.347076e+00
-8.745155e-01 -9.847949e-01 8.746480e-01
9.134923e-01 7.059772e-01 -2.461257e-01
-6.079339e-01 -2.059051e-01 -3.460988e-01
-3.736039e-01 -3.683321e-01 3.882989e-01
1.119764e-01 2.096716e-01 1.094533e-01
-1.531344e+00 -2.682695e-01 6.946991e-01
-6.424876e-01 -3.170593e-01 2.361618e-01
4.853957e-01 -1.136201e+00 -1.342602e-01
1.735982e+00 -1.112897e+00 1.325906e+00
1.191194e+00 -1.571451e-01 -1.668288e+00
6.793797e-01 -7.020334e-01 -2.400754e+00
1.104132e+00 7.997626e-01 -1.545655e+00
-2.540152e+00 -7.055847e-01 -9.845213e-01
1.981496e+00 7.300948e-01 -2.575418e-01
-1.077414e-01 -8.995702e-01 8.052191e-01
1.398174e+00 7.484116e-01 7.891359e-01
1.343613e+00 3.496430e-01 -1.923189e+00
-2.932275e-01 2.496338e+00 -1.287300e-01
1.286709e-01 2.944111e-01 -2.427921e-01
-6.667235e-01 -6.791180e-01 2.041830e-01
-5.808903e-01 5.555281e-01 8.028431e-01
-1.161866e+00 1.464172e+00 1.270205e+00
-5.695946e-01 1.425677e+00 -1.042290e+00
-5.883730e-01 7.298071e-01 -9.539142e-01
-4.145770e-01 -2.985032e-01 -9.491569e-01
1.452032e+00 2.133987e+00 -1.340616e-01
2.169991e-01 -3.365892e-01 -1.208334e+00
-5.374378e-01 -6.024239e-01 -7.754257e-01
-5.558261e-01 6.886792e-01 2.831515e-01
5.957667e-01 -5.281462e-01 5.193631e-01
-1.290664e+00 1.998910e-01 1.036833e+00
2.725090e-01 -6.717509e-01 5.453746e-01
2.100236e+00 -5.169637e-01 6.172066e-01
-1.787131e-02 7.367910e-01 -6.320273e-01
1.452512e+00 6.787673e-01 8.257073e-01
1.512815e+00 -7.052155e-01 -8.080418e-02
5.364876e-01 -1.270483e+00 -4.426531e-01
-8.276914e-01 4.553323e-01 3.306069e-01
-2.268398e-01 1.793759e-01 -3.474820e-01
-3.835541e-01 4.137669e-01 -1.748060e+00
4.421056e-01 -4.004928e-01 -8.709573e-01
-3.240535e-01 -1.020607e+00 5.287775e-01
1.139941e+00 -1.022737e+00 -8.112444e-01
-1.122267e+00 1.411243e+00 3.302786e-01
1.160533e+00 1.569982e+00 8.382520e-02
1.047268e+00 -1.607480e-01 -1.543875e+00
-1.227203e+00 -3.299728e-01 -1.099153e-01
6.045392e-02 -3.796983e-02 -7.115305e-01
7.200523e-01 -2.452674e-01 6.139230e-01
-8.771321e-01 -8.352164e-01 -5.732066e-01
-7.456966e-02 -2.330615e+00 -3.309942e-01
3.521711e-01 1.227877e+00 1.424841e-01
1.370737e+00 4.244085e-01 1.152366e+00
-1.139795e+00 5.791984e-02 5.519306e-01
1.333589e+00 -4.755313e-01 -8.257661e-01
8.583305e-01 5.801944e-02 -1.805301e+00
-1.492850e+00 2.180817e-01 3.133184e-01
1.487675e+00 1.123611e+00 -1.598433e+00
1.643036e+00 -9.146497e-01 5.505076e-01
-1.502808e+00 -1.094267e+00 -1.057415e+00
-2.491930e+00 1.156489e+00 5.198383e-01
1.703697e-01 1.845378e-01 -3.995425e-01
6.876369e-02 -1.153098e+00 8.314503e-01
4.262089e-01 1.088125e-02 -5.509192e-01
2.638815e-01 6.189965e-01 -4.896816e-01
1.752010e+00 8.483478e-01 -4.274852e-01
1.770801e+00 1.089622e+00 6.750174e-01
-5.811706e-01 1.430832e+00 1.733187e+00
2.138442e+00 -7.668471e-01 -1.635930e+00
-7.702949e-01 1.035945e+00 3.330569e+00
-3.602207e-01 2.002561e+00 -1.458444e-01
-3.848431e-01 -2.643015e-01 -1.843438e+00
-5.103206e-01 1.458380e+00 5.308973e-01
1.031045e+00 8.748884e-01 -5.137325e-01
8.322779e-01 3.170248e-01 -9.366041e-01
-6.238487e-01 -2.602353e-01 -6.450635e-01
1.246547e+00 4.195270e-02 -7.339647e-01
6.586347e-01 8.520016e-01 8.138514e-01
1.174595e+00 -9.548301e-01 -2.122132e-01
-1.435856e+00 -8.944322e-01 -1.348506e+00
-1.381406e+00 1.764610e+00 -1.139564e-02
-8.669014e-01 -1.405317e+00 -2.630676e+00
-5.573012e-01 8.106523e-01 -2.059050e+00
2.237265e+00 1.530433e+00 -3.663781e-01
-1.379246e+00 4.379734e-01 -5.373698e-02
1.831126e+00 -2.294044e-01 7.746560e-02
-3.244486e-03 2.195529e+00 -9.951111e-01
-1.905223e-01 -4.309079e-01 2.985671e+00
-3.579033e+00 9.154624e-02 -8.431237e-01
1.309281e+00 -8.323679e-01 1.925378e+00
1.027028e+00 -1.175208e+00 3.689369e-01
-1.655685e-01 -1.022227e+00 -2.973668e+00
-1.461120e-01 -1.290738e+00 9.939794e-01
-9.322891e-01 -2.289758e-01 -1.102070e+00
-1.124159e+00 1.007890e+00 2.681568e-01
-9.514882e-01 5.039796e-01 7.305803e-01
1.629915e+00 1.149407e+00 -3.105928e-01
-2.040425e+00 1.233806e+00 6.252263e-01
-2.404310e-02 1.516048e+00 -4.029682e-01
1.512033e+00 9.066696e-01 -1.165077e+00
-4.660406e-01 -6.661797e-02 9.520575e-02
1.173432e+00 3.182555e-01 -6.438212e-01
-1.641153e+00 -7.894289e-01 -8.117774e-01
-4.226404e-01 -6.340459e-01 1.360503e+00
4.093276e-01 9.872179e-01 6.463942e-01
2.570712e-01 -3.473786e-01 -7.861575e-01
-5.325766e-01 5.836388e-01 4.564882e-02
3.958677e-01 1.433071e+00 -8.085168e-01
-1.251722e+00 3.931311e-01 5.695252e-01
1.248837e+00 -1.402862e+00 7.048256e-01
-5.282477e-01 1.348711e-01 6.772787e-02
-1.820827e+00 2.179761e+00 1.525350e-01
-7.086316e-01 -1.077376e+00 9.385236e-01
-3.426941e-01 1.099568e+00 -4.981484e-01
6.262224e-01 -1.342667e+00 -1.215755e+00
-1.890632e+00 2.176541e+00 -6.219160e-01
-1.301185e-01 -1.176898e+00 2.031118e+00
-1.279321e-01 -1.273115e+00 -4.209935e-01
-4.929780e-01 -2.559061e-01 6.421811e-01
1.138885e+00 1.345785e+00 -3.210035e-02
-7.505956e-01 8.315846e-01 5.896977e-01
-3.970590e-01 -6.886890e-01 5.356716e-01
5.806735e-01 -4.036089e-01 -5.046930e-01
1.925668e+00 -8.239989e-01 7.895952e-01
1.116619e+00 -1.142889e-01 -8.555307e-01
5.552432e-01 1.412580e+00 8.124021e-01
8.358912e-01 7.802974e-01 3.532947e-01
-3.784705e-01 2.348169e-01 9.960151e-01
7.830100e-01 -2.332574e-01 -3.675260e-01
-6.222420e-01 7.002265e-01 1.958810e-01
-6.801642e-01 6.400381e-01 5.419174e-01
1.213207e+00 -2.663706e-01 -7.483815e-01
-5.395158e-02 5.758581e-01 -4.470324e-01
5.666319e-01 1.230515e-01 4.512237e-02
2.780300e-01 5.079850e-02 9.237749e-01
5.738460e-01 -6.183973e-01 -1.344112e+00
4.296752e-02 -6.069834e-02 -1.162546e+00
-7.263806e-01 1.741659e-01 1.191593e+00
2.880525e-01 -8.481801e-02 -7.056884e-01
-3.314485e-01 6.542238e-01 -1.465363e+00
-7.926095e-01 -7.052365e-01 2.031251e+00
1.116738e+00 -3.804436e-01 -1.110073e+00
8.568372e-01 -2.467479e+00 -3.193785e-01
1.825812e-02 -1.500465e+00 -4.670713e-01
-1.786289e+00 6.250582e-01 -9.023115e-01
-5.823702e-01 -1.460218e+00 -3.125816e-02
2.326988e-01 -3.533694e-01 4.257530e-01
9.217775e-01 -2.249249e-01 -4.298361e-01
2.033054e+00 -6.295047e-01 -7.827990e-02
-4.013393e-01 8.376889e-01 3.644806e-01
7.630828e-01 -6.996332e-01 7.656606e-01
8.804292e-01 1.268997e+00 7.363824e-01
-2.917245e-01 -6.926888e-01 -7.187823e-01
6.150028e-01 -3.505086e-01 2.769572e-01
-1.239739e-01 4.469199e-01 -2.031253e+00
6.742397e-01 3.205156e-01 -1.734530e+00
1.573549e+00 -6.078653e-01 1.363398e+00
-7.185649e-01 -9.461139e-01 1.317949e+00
5.586135e-01 -4.359273e-01 4.589520e-01
8.045421e-01 -2.477140e-01 1.541538e+00
-2.012551e-01 3.550661e-01 1.891090e-01
2.176032e+00 -1.007909e+00 2.567871e-01
1.203662e+00 1.021552e+00 -5.823327e-01
-6.167035e-01 6.636420e-01 -1.714179e-01
-1.781352e-01 -3.994970e-01 2.730331e-01
-6.337534e-01 -1.269774e+00 1.505041e-01
-3.574838e-01 -5.623804e-02 -3.206058e-01
1.421590e+00 2.087182e-01 7.755188e-01
-8.183539e-01 1.947426e-01 2.225552e+00
2.016067e-01 1.992104e-01 1.112316e-01
-6.023413e-01 -9.829108e-01 -5.027554e-01
1.588228e+00 -7.913738e-01 -6.870085e-02
-5.007373e-01 -1.201784e+00 1.793331e-01
2.554518e-01 -2.643496e-01 -1.226010e-01
4.880496e-01 -2.448883e+00 -3.076603e-01
-8.969845e-01 1.960420e-01 -7.296367e-03
-1.165267e+00 -8.759770e-01 7.804684e-01
7.152667e-01 -6.910530e-02 -3.711735e-01
1.529703e+00 1.069522e+00 -4.958064e-01
-5.106760e-01 5.365182e-01 1.631061e+00
1.176875e+00 -1.944159e+00 -1.062703e+00
-2.101200e-01 2.598577e-01 1.205433e+00
1.454577e+00 -9.934725e-01 -9.080104e-01
3.045648e-01 -1.443187e+00 8.681815e-01
5.002556e-01 9.446402e-01 1.320409e-01
1.950053e+00 -1.044293e+00 8.457558e-01
-3.996291e-01 -4.740209e-01 1.302924e+00
9.861456e-01 1.174495e+00 -1.914184e+00
-1.031568e+00 -5.232052e-01 -1.588566e+00
2.374649e-01 1.061272e+00 1.239032e-01
-1.823172e-01 8.875945e-01 -1.395697e-01
-9.851175e-01 1.258589e+00 -6.997304e-01
-5.148495e-01 6.742686e-01 5.727189e-01
4.909505e-01 -9.768223e-01 -7.828047e-01
-1.183732e+00 3.150486e-01 1.188988e+00
1.238922e+00 1.548615e+00 -2.051108e-01
1.874423e-01 -3.248469e-02 -3.029298e+00
2.047592e+00 -5.132327e-01 7.957584e-01
-6.809118e-01 4.848897e-01 4.848784e-01
-1.018826e-01 -6.403723e-01 2.589248e-01
-8.758975e-02 6.092655e-01 6.000364e-01
7.851784e-03 3.380384e-01 -3.614588e-01
-6.656844e-01 6.774229e-01 6.929865e-01
-1.781050e+00 8.933582e-01 7.067051e-01
-4.797814e-01 3.275233e-01 5.099764e-01
-5.667910e-01 1.172492e+00 6.326394e-01
-1.761926e+00 -1.221687e+00 -1.106897e+00
-1.459303e-01 -5.976307e-01 -7.026394e-01
4.232017e-01 1.100348e+00 -5.080954e-01
1.269196e-01 2.094269e+00 -2.517524e-01
9.160684e-01 1.204536e+00 -1.076596e+00
-5.098430e-01 2.003295e-01 -1.246608e+00
-5.965905e-01 -8.795473e-01 9.566371e-01
1.903205e+00 -8.276994e-01 -7.682659e-01
-3.379004e-01 -3.423491e-01 1.137419e+00
1.108286e-01 3.198031e-01 1.262008e+00
-1.813092e+00 -4.355504e-01 -3.634617e-01
-2.539694e-01 2.819578e-01 -1.852768e+00
1.003101e+00 -6.000754e-01 -1.284830e+00
5.308280e-01 -1.531883e+00 -4.939025e-01
4.788701e-01 3.490183e-01 1.644086e+00
-7.381100e-01 -1.728697e-02 -1.442106e+00
-1.181619e+00 -9.156516e-01 7.930338e-01
-5.319065e-01 1.475569e+00 5.608691e-01
-1.215185e+00 6.543408e-01 -3.036433e-01
-7.958789e-01 -1.411898e+00 -2.056040e+00
-1.891422e-01 5.597346e-01 3.904720e-01
-5.849115e-01 -4.429193e-01 3.749696e-01
-9.048463e-01 -5.022758e-01 -1.042838e+00
-9.932793e-01 3.439188e-01 -3.772032e-01
-4.950494e-01 -4.325103e-01 -1.162347e+00
2.489969e-01 -9.239542e-01 5.472387e-01
2.844846e-02 5.178194e-01 -7.915784e-01
-1.747587e+00 -1.213671e+00 -8.601882e-01
1.580267e-01 -4.650958e-01 -4.763805e-02
-9.514490e-01 1.808398e-02 -1.573954e-01
1.738592e+00 1.029049e-01 1.769182e-01
-6.639049e-01 -1.443700e-01 -9.795781e-01
-1.109423e+00 -4.011544e-02 -7.825744e-01
-3.472430e-01 8.080723e-01 2.331552e+00
-1.836321e+00 6.720231e-02 -7.648856e-01
-5.643349e-01 1.176971e-01 -1.054402e+00
-1.587665e+00 -2.318062e-01 -6.248258e-01
1.443917e+00 -2.116216e+00 1.340171e-01
-8.035580e-01 -2.335172e+00 2.452243e-01
2.185133e-01 -7.287821e-01 9.080377e-01
5.199482e-01 9.798391e-01 -6.437704e-01
-7.332985e-01 -3.213623e-01 -4.696453e-01
1.197672e+00 5.267295e-01 -7.890287e-01
-2.376992e+00 -7.942287e-01 -8.752096e-02
5.038333e-01 -1.128232e+00 -6.076881e-01
1.517996e+00 7.400923e-01 -4.924629e-01
6.061438e-01 -3.276082e-01 -2.853350e-01
5.659443e-01 1.860734e+00 3.525295e-02
6.135491e-01 -7.229077e-01 1.051558e+00
1.946935e-01 -5.185406e-01 -1.337214e-01
-1.829361e-02 -7.907572e-01 9.081848e-01
1.267428e+00 -5.246482e-01 -3.873751e-01
5.472795e-01 7.781866e-01 -2.376537e-01
1.329007e+00 -5.473006e-02 3.916172e-01
2.719412e-01 -8.615215e-01 1.877833e+00
1.587280e+00 -8.194448e-01 5.095552e-01
-1.258844e+00 1.324629e+00 9.518566e-01
-6.921234e-01 -1.140454e+00 -1.627821e-01
-1.143526e+00 -4.915943e-01 -1.062912e+00
8.118513e-01 -1.516917e+00 -3.244566e-01
-1.317564e+00 -9.132249e-01 2.482915e-01
-1.002826e+00 1.274434e+00 2.143553e-01
1.430824e+00 7.741518e-01 -8.825591e-01
1.299036e-01 -1.120559e+00 7.238218e-01
2.902705e+00 7.383527e-01 -6.576218e-01
-2.262917e-01 2.107465e+00 -5.849854e-02
7.656941e-01 1.225364e+00 -1.197068e+00
1.680823e+00 2.581334e-01 -9.947206e-01
-1.261769e+00 6.264340e-01 1.221444e+00
6.146565e-01 8.146311e-03 -5.766345e-01
4.226724e-01 9.155436e-01 1.044509e+00
1.196232e+00 -1.029298e+00 2.356534e-01
7.125477e-01 6.704740e-01 1.309528e+00
1.552049e+00 -1.084162e+00 -9.621156e-01
1.588631e+00 -1.178917e+00 6.136018e-01
-1.397431e+00 8.202820e-01 -5.049723e-01
1.002491e+00 8.861875e-01 1.336969e+00
1.370838e+00 9.232310e-01 -4.206610e-01
8.992023e-01 -1.295018e-01 -1.825486e+00
4.705568e-02 1.657054e+00 -1.918186e-01
7.656551e-01 4.069788e-01 1.148265e+00
7.917963e-01 -1.340546e+00 -1.098873e+00
-2.738374e-01 -3.425848e-01 -2.469684e-01
-4.330186e-01 2.442605e-01 -1.279009e+00
-2.523081e-01 -1.429875e+00 1.616222e+00
1.229812e+00 3.754828e-02 -2.092079e+00
1.012391e+00 9.712919e-01 -2.936120e-01
-7.754123e-01 2.425661e-01 2.069955e+00
-6.626231e-01 7.945198e-01 -1.065931e-01
-3.948270e-01 1.279373e+00 2.433075e-01
1.422343e+00 -1.150044e+00 -1.275720e+00
7.530390e-01 1.305475e+00 -1.066269e+00
-9.436515e-01 9.832929e-01 -4.033547e-01
-1.306887e+00 1.106362e+00 1.124643e-01
-2.079915e-01 2.171980e+00 1.158112e+00
-7.961574e-01 -9.185163e-01 -8.023862e-01
1.305028e+00 1.308506e+00 -5.062550e-01
-7.479127e-01 1.492485e-01 1.218539e-01
-1.097524e+00 1.292414e+00 3.002204e-01
2.933506e-01 -4.264980e-01 5.962637e-01
-3.449768e-01 1.648248e-01 4.843225e-01
-1.024581e+00 -2.281151e-01 -1.443915e+00
3.328903e-01 1.124785e+00 1.128622e-01
-1.185556e+00 1.916240e+00 -1.903111e-01
-1.115606e+00 7.175416e-01 -9.776954e-01
-2.922122e-01 -6.037736e-01 -4.499061e-01
2.907870e+00 1.478001e-01 5.738842e-01
8.296023e-01 4.183770e-01 5.126873e-01
1.471946e+00 7.134414e-01 -4.233214e-01
-2.223929e-01 5.274107e-01 -3.349658e-01
-8.528531e-01 1.279428e+00 1.109508e+00
1.730610e+00 6.546458e-01 1.103293e+00
-8.982479e-02 1.952005e+00 -4.680111e-01
8.390417e-01 9.314007e-01 -1.024047e+00
2.089856e+00 -2.532122e-01 1.831271e+00
-1.645308e+00 -7.935212e-01 7.575777e-01
-6.110591e-02 9.039513e-01 -7.534090e-01
-7.529535e-01 1.167163e+00 -1.790238e+00
-8.772949e-03 6.605953e-01 -4.873468e-01
-3.395895e-01 3.987621e-01 -1.581705e+00
3.819085e-01 -1.505346e+00 -5.120385e-01
-9.265402e-01 8.857519e-01 -1.103799e+00
-8.889935e-01 -6.918583e-01 3.555400e-01
1.745413e+00 -4.138937e-02 -1.080523e+00
2.680041e-01 -1.062001e+00 -1.199536e-01
1.517514e+00 -1.480526e+00 -8.391962e-01
1.906371e+00 -6.350302e-01 -6.037825e-01
-5.048554e-01 -6.652032e-01 -1.482610e-01
5.696928e-01 -1.481332e-02 -4.350222e-01
3.528648e-01 -1.113262e+00 1.623860e+00
-4.565212e-01 -3.323119e-01 -3.120036e-01
-3.268023e-01 1.630990e-01 -2.692248e-01
6.900579e-01 1.182949e+00 -5.886874e-01
3.672079e-01 1.852301e-01 3.189640e-01
6.478490e-01 2.780616e-01 8.739448e-01
-5.761892e-01 -8.269865e-01 1.262742e+00
6.813755e-01 -1.390957e+00 3.196380e-01
4.274479e-01 -1.312465e+00 6.384614e-01
-1.094155e+00 2.110140e+00 -6.310256e-02
4.297930e-01 -1.454424e-01 -3.562520e-01
-5.537323e-01 1.646972e+00 2.656454e-01
1.413859e-01 -3.954496e-01 1.004241e-01
-3.116042e-01 -1.589370e+00 1.405130e+00
-1.547850e+00 -1.532373e-02 -6.330872e-01
7.526934e-01 9.356747e-01 4.009292e-01
-9.602270e-01 -1.228198e+00 9.381843e-01
9.305385e-01 1.715127e+00 -1.662409e-01
-1.697762e+00 7.894355e-01 3.703713e-01
-1.128647e-01 1.075545e+00 1.289052e-01
-7.261722e-01 -7.953114e-01 -6.153221e-01
8.384994e-02 7.495652e-01 4.911341e-01
-1.421343e+00 2.326523e+00 9.714025e-01
-9.153478e-01 -2.738443e-01 1.371245e+00
9.052227e-01 -1.388800e+00 -1.015910e+00
3.797162e-01 -1.670534e+00 5.934024e-01
-2.835754e-01 1.957253e+00 2.092466e-01
1.874328e+00 -1.507635e-01 -3.761714e-02
6.252016e-01 -4.564048e-01 -1.161966e+00
9.375040e-01 7.363663e-01 9.052185e-01
-2.352613e+00 1.365892e+00 -1.180627e+00
-5.947373e-01 -2.751403e-01 -9.696128e-01
-6.234348e-01 1.559620e+00 -1.196290e-01
-4.446992e-02 -9.822405e-01 7.448639e-02
-1.076046e+00 -1.366661e-01 1.774516e-01
-1.805248e+00 -1.573129e-01 6.718261e-01
6.857400e-01 -2.792544e+00 2.892497e-01
-2.791497e-02 3.228676e-01 9.128762e-01
3.204442e-01 4.904207e-02 -8.437459e-02
1.524193e+00 -7.621144e-01 8.665170e-01
-3.064000e-01 -4.114275e-01 8.955311e-01
7.435974e-01 9.061351e-01 -6.244615e-02
-3.192696e-01 3.924451e-01 2.108170e-02
6.557786e-01 1.135774e+00 4.667036e-01
5.048633e-01 8.042803e-01 1.487613e-01
-1.302499e+00 -1.944400e-01 -6.667691e-01
8.542440e-01 1.664532e+00 -1.578750e+00
-3.196157e-01 -5.033683e-01 1.710292e+00
-6.196530e-01 1.142806e-01 1.086473e-01
5.095448e-01 -1.228131e+00 -1.180979e+00
8.990950e-01 4.831555e-01 6.536068e-01
-6.937418e-01 7.455575e-01 3.219808e-01
-9.487981e-02 -2.200762e+00 -4.366659e-01
-6.344896e-01 5.023311e-01 4.620314e-01
5.831256e-01 -8.968605e-01 -3.290938e-01
-1.278872e+00 -1.272789e+00 7.487815e-01
-1.898272e+00 -1.207344e+00 -2.182677e+00
1.061595e+00 -9.940832e-03 1.351959e-01
-4.649937e-02 -1.294893e-01 1.308580e-01
5.430198e-01 4.893524e-01 4.052464e-02
-1.735383e+00 -6.451401e-01 -9.300890e-01
4.883322e-01 9.340140e-01 -6.178619e-01
-1.440515e+00 1.396351e-01 7.581647e-01
-1.352440e-01 1.269598e+00 1.236619e-01
4.703578e-01 1.162705e+00 2.079571e+00
-9.697895e-01 1.153887e+00 -2.262511e-01
2.465196e-01 -2.786073e-01 1.061916e+00
-6.450752e-01 1.474016e+00 1.764504e+00
8.302614e-02 3.487190e-01 -2.799354e-01
1.110748e+00 1.361441e+00 1.389841e+00
1.262875e+00 -3.078454e-01 -5.703145e-01
1.838059e+00 1.254487e+00 -1.721988e-01
-3.475250e-01 1.561800e+00 -2.147650e+00
-2.396460e+00 2.072956e+00 -8.649785e-01
5.481004e-01 7.413485e-01 -3.513095e-01
-8.679342e-01 9.849853e-01 -4.108609e-01
-3.339344e-01 -1.326976e+00 2.088567e+00
-4.654296e-02 9.041721e-01 -7.496477e-01
-5.678004e-01 -8.903499e-02 -2.095052e-01
-6.012322e-01 -1.516334e+00 -1.101959e+00
1.231209e+00 -1.790645e-01 -1.509608e+00
1.079920e+00 -1.569116e+00 -5.543930e-01
-7.802360e-01 -5.342414e-01 4.428813e-01
1.517341e+00 2.306519e-01 -7.328945e-01
-7.036416e-01 -1.093338e+00 -6.328738e-01
7.745384e-01 -1.249554e+00 1.106866e-01
7.515142e-01 4.012574e-01 9.747008e-01
-1.407173e+00 2.334266e+00 -3.284479e-01
5.116789e-01 -1.536350e+00 1.363487e+00
3.712479e-02 -1.884272e+00 7.855371e-01
-6.153169e-01 -3.348280e-01 -6.157838e-02
-1.709978e+00 -6.494097e-01 -4.975965e-01
-2.552025e-01 5.223806e-01 6.759333e-02
1.790328e+00 2.206000e-01 -9.518794e-01
-1.706390e+00 -7.716008e-01 5.001635e-01
-1.379803e-01 -1.286474e-01 -8.694751e-02
6.872972e-01 1.091688e+00 -1.965694e-01
-7.928497e-02 -4.524954e-01 -1.142554e+00
1.401738e+00 -7.646682e-01 -3.571362e-01
-8.669239e-01 1.464389e+00 8.020311e-01
-8.570642e-01 3.880190e-02 -4.258761e-01
-1.483742e+00 5.673547e-01 -1.053336e+00
-1.116068e+00 -6.833455e-01 -2.946243e-01
2.948613e-01 1.722368e+00 4.797163e-01
6.342939e-01 -4.763414e-01 -1.619091e+00
-5.979106e-01 -4.388133e-01 -1.253736e+00
-1.353686e-01 2.028450e+00 -5.965368e-01
-3.731578e-01 -7.513955e-01 -8.040175e-01
5.695951e-01 1.209900e+00 5.629740e-01
2.064574e+00 -9.993040e-01 -1.961379e+00
-1.000355e+00 -3.069893e-01 -7.794520e-01
2.973222e-01 -1.426427e+00 -9.796991e-01
1.254831e-01 8.051727e-01 2.867916e-02
1.227491e+00 8.431603e-01 1.381237e+00
1.545199e+00 -9.384833e-01 -4.516778e-01
-1.284874e+00 7.406619e-01 -6.619868e-01
7.661318e-01 -2.865687e-01 2.842517e-01
3.257369e-01 -1.010294e+00 -3.629936e-01
-4.393220e-01 -8.209776e-01 2.769820e-01
8.924999e-02 1.667877e+00 2.329410e+00
-2.042289e+00 4.032459e-01 1.872766e+00
9.170521e-01 -8.061599e-01 -1.079964e+00
-1.038875e-01 1.353546e+00 6.713809e-01
3.863622e-02 1.332959e+00 -7.816400e-01
1.277483e+00 -6.382135e-01 4.663357e-01
5.230189e-01 3.087041e-01 1.807621e-01
1.287647e+00 2.180283e-01 3.045366e-01
1.522478e+00 -1.591498e+00 6.311136e-01
-1.294305e+00 -1.530706e+00 3.447263e-01
5.788832e-01 1.799072e+00 -2.938579e-01
5.354834e-01 -8.285068e-01 1.065361e+00
-2.360198e-01 2.030020e-01 -1.269453e+00
2.287196e-01 2.750022e-01 -1.160550e-01
1.152644e-01 -4.280678e-01 -4.496414e-01
-1.318765e+00 1.388411e+00 4.553555e-01
-3.839416e-01 -1.111762e+00 3.938020e-01
1.064684e+00 -8.311831e-01 4.647829e-01
-5.122602e-01 7.210665e-01 -1.280808e-02
-1.922078e+00 4.640285e-01 3.275312e-01
4.536246e-01 2.708040e-01 5.769484e-01
8.248233e-02 8.162726e-01 -4.038221e-01
-7.003427e-01 -1.498029e+00 9.588343e-01
1.958024e-01 1.590028e-01 1.231562e+00
-1.246623e-01 1.603392e+00 1.989527e+00
1.705034e+00 -1.164970e+00 1.456600e+00
-2.038922e-01 -1.189326e-01 -6.782936e-01
-6.612841e-01 6.516702e-01 -7.928864e-01
5.490300e-01 4.708104e-01 -3.802557e-01
-1.567682e-01 9.815568e-01 2.568344e-02
4.161761e-01 4.223298e-01 -1.766222e+00
-2.418684e-01 -1.915300e-01 -5.009758e-01
1.454742e+00 -1.069676e+00 -9.309165e-01
3.102637e-01 -7.052542e-01 -1.524049e-01
-4.683631e-01 1.071170e+00 1.345881e+00
-4.618594e-02 4.487373e-01 8.677987e-01
-6.374584e-01 5.170298e-01 3.726740e-01
-5.487904e-01 -8.959992e-01 5.438002e-01
-1.277002e-02 1.464390e+00 -1.110427e+00
9.970335e-01 -6.074115e-02 2.152296e-01
-1.102342e+00 4.078656e-01 -8.640478e-02
1.637411e+00 2.451385e-01 7.951363e-01
1.364118e+00 1.043299e+00 -1.027347e+00
-8.129669e-01 -9.985845e-02 4.539731e-02
-4.549693e-01 1.615246e+00 -1.748183e-01
-8.159225e-01 3.681786e-01 -4.763013e-01
-6.035477e-01 -1.355128e+00 7.295972e-02
9.407592e-01 -1.022912e+00 -2.387967e-01
1.417078e+00 1.160780e+00 1.644781e-01
-1.268963e+00 1.897009e-01 -1.462111e+00
-3.077613e-01 -2.774748e-01 1.133434e-01
9.715608e-01 -1.176724e+00 1.349871e-01
2.722575e-01 -1.391783e-01 -6.090664e-01
1.687630e+00 5.428208e-01 -1.207629e+00
-1.151137e+00 1.283156e+00 -2.364952e-02
-2.334378e+00 -5.863154e-01 3.064005e-01
1.351902e+00 -1.102756e+00 -6.072420e-02
-2.609738e+00 -4.990145e-01 -1.370767e+00
5.199932e-01 -3.675573e-01 1.374140e-01
-1.031842e-02 -5.596086e-01 -8.388460e-01
-7.410125e-01 7.293122e-01 -1.967626e+00
-3.504444e-01 -1.184247e+00 -7.272341e-01
-5.866760e-01 1.319055e+00 4.439094e-01
-5.763709e-01 1.101995e-01 -1.495051e+00
-1.043305e+00 -7.933491e-01 -1.154681e+00
-2.306563e-01 -1.256812e+00 -8.422827e-03
-9.449718e-01 1.310362e+00 -7.210838e-02
1.741134e+00 -2.139891e+00 7.748473e-03
4.737001e-01 -3.855859e-01 6.473777e-01
-8.329218e-01 1.535253e-01 -2.357458e-01
8.935235e-01 4.697006e-01 -9.886381e-01
1.609175e+00 1.535988e+00 -4.180822e-01
-1.163828e+00 9.798614e-01 1.545952e+00
-1.294360e+00 8.664186e-02 7.547550e-01
1.340899e+00 9.246408e-01 -1.934378e+00
3.681640e-01 1.824658e+00 -1.067112e-02
2.081964e-01 1.153099e+00 -3.003523e-01
6.791480e-01 -6.204439e-01 -6.406893e-01
-3.521116e-01 9.224981e-01 2.071709e-01
-4.942675e-01 1.100796e+00 2.660441e-01
-1.920981e+00 1.166611e+00 -3.093532e-01
1.872786e+00 2.753349e-01 1.512496e-01
2.090793e+00 -4.786802e-02 -6.385938e-01
-1.798350e+00 1.320259e+00 2.073700e+00
8.880842e-01 -9.714054e-01 -9.820727e-01
1.921105e-01 -6.816895e-01 6.437652e-02
-3.932951e-01 -1.348777e-01 2.431567e-01
2.420879e-01 -1.601757e+00 -3.983475e-01
4.775547e-01 4.272547e-01 -1.933891e-01
-1.058905e+00 2.209863e-01 -4.940230e-01
-2.038863e+00 -2.731674e+00 3.160981e+00
7.129688e-01 -3.814023e-02 -1.080615e+00
2.465745e-01 -1.265321e+00 1.526332e+00
-9.306450e-01 -1.323075e+00 -3.629832e-01
5.464523e-02 7.978390e-01 1.599896e+00
-5.467370e-01 4.399861e-01 -6.892069e-01
5.969133e-01 -4.189688e-01 -4.408569e-01
1.183622e+00 -1.201516e+00 5.794475e-01
1.900130e-01 -7.435326e-01 1.222570e+00
2.464994e-01 -7.459461e-01 3.861512e-01
4.668627e-01 -2.764937e-01 1.276684e+00
-9.358806e-01 1.451356e-01 4.092842e-01
2.929157e-01 -1.711274e+00 9.065379e-01
6.536239e-01 -9.012379e-01 3.443336e-01
-2.979597e-01 -1.568890e+00 -7.142376e-01
9.601662e-01 -5.409581e-01 -1.524131e+00
3.275680e-01 -4.811764e-01 4.317474e-01
3.896665e-02 -6.533437e-02 3.337225e-01
2.945563e-01 9.996278e-01 6.513715e-02
3.286473e-01 4.284807e-01 -5.141722e-01
5.992749e-01 -5.276496e-01 3.130696e-01
1.170763e+00 -9.918272e-01 -2.104638e+00
-5.814523e-01 -6.243403e-01 -5.536538e-01
1.066733e+00 1.357805e+00 1.288010e-01
-8.360091e-01 -1.792808e+00 8.324050e-02
-5.602730e-02 -3.689678e-01 -2.534065e-01
2.893596e-01 1.336835e+00 -1.807366e+00
1.018445e+00 5.413400e-01 -1.536548e+00
-7.483866e-02 -1.356526e-01 1.164980e+00
3.146971e+00 1.903981e-02 6.576040e-01
7.691199e-01 -6.909822e-01 9.123811e-01
-8.140808e-02 -1.357375e+00 9.314106e-01
-2.318925e-02 9.972035e-01 -6.090299e-01
5.355597e-01 -1.396374e-02 -3.798579e-01
7.607383e-01 -1.245856e+00 8.586832e-01
-5.152042e-01 7.652914e-01 -2.293232e-01
-5.417690e-01 4.822450e-01 6.877474e-02
9.300562e-01 -4.462436e-01 -1.653076e+00
-2.078215e+00 -1.048394e+00 -1.355079e+00
-1.496594e+00 5.719476e-02 -5.655322e-01
3.347820e-01 -1.517374e+00 -1.774492e+00
1.669045e+00 -9.866965e-01 -5.034211e-01
6.843957e-01 -1.645116e+00 -2.260722e-02
-2.613042e+00 -3.317375e-01 -2.227913e+00
-2.500032e-01 -1.345471e+00 -7.819020e-01
-6.148432e-01 7.800207e-01 -3.929014e-02
7.160057e-01 -4.471446e-01 -2.160024e-01
5.224319e-01 7.319150e-01 -1.884597e+00
8.108087e-02 -1.459845e+00 -3.393441e-01
-1.268643e+00 -8.470468e-01 -1.591570e+00
3.781288e-01 -1.822398e-01 -1.094807e+00
-3.696420e-01 -6.624591e-01 2.625244e-01
-6.176520e-01 -1.867916e+00 -8.527653e-01
1.106794e+00 1.610722e+00 -5.928562e-01
-2.164851e-01 8.502606e-01 1.365092e+00
-2.752809e-01 2.566532e+00 2.267616e+00
3.079497e-01 -9.231238e-01 -5.916376e-01
-2.287502e-01 -1.392075e+00 -1.411116e+00
1.065815e+00 1.838141e-03 9.045810e-02
-7.114989e-01 -4.766672e-01 -2.783976e-01
-1.715138e+00 1.341303e+00 1.465913e+00
6.709191e-01 -9.677310e-01 -3.140435e-01
7.571486e-01 1.329549e+00 1.158306e+00
-2.291403e+00 1.086787e+00 -2.231098e-01
5.231993e-01 5.801864e-01 -2.995067e-01
-5.688038e-01 3.366384e-01 1.691855e-01
4.772151e-01 2.204949e-01 -9.068141e-01
1.078165e+00 -1.871977e-01 2.815431e-01
7.753323e-01 -1.592055e+00 -1.421803e+00
1.304797e-01 -7.653001e-01 1.591235e+00
7.397659e-01 4.222393e-01 -9.021482e-02
-1.539242e+00 1.772634e-03 4.737681e-01
-6.372356e-01 5.391246e-01 -1.050460e+00
-7.260085e-01 -1.723830e+00 -9.109300e-01
-1.629697e+00 -1.237789e-01 1.550230e+00
-1.173956e-01 1.162807e-01 5.780116e-01
1.026913e+00 -1.000477e+00 -1.766872e+00
1.099908e-01 7.572000e-01 -5.747535e-01
-1.025127e+00 4.686857e-01 -1.083375e-01
-1.006783e+00 -1.662060e-01 -2.395744e-01
3.576079e-02 1.675990e+00 3.910395e-01
-2.973075e-01 1.383517e-01 1.973270e+00
4.140546e-01 4.284179e-02 6.552747e-01
-4.964947e-01 2.697375e-01 1.010954e+00
1.524210e+00 6.733149e-01 1.356528e-01
-7.082770e-01 5.057808e-01 -9.356622e-01
-7.075968e-01 -5.695843e-01 -4.076946e-01
2.667194e-02 5.181219e-01 -8.734992e-02
7.745304e-02 1.427183e+00 -1.187319e+00
-4.639756e-01 2.210422e-01 -6.421241e-02
-2.223280e-02 3.726765e-02 -2.039230e-01
-1.474312e+00 -5.676327e-01 6.994069e-01
-8.447409e-01 -1.120785e-02 2.474509e+00
1.105161e-01 6.979379e-01 -8.549146e-02
5.981251e-01 -1.770481e-01 1.830626e-01
1.274397e+00 -2.532163e+00 2.731554e-01
-8.294754e-01 2.078075e-01 -3.562436e-01
-3.430569e-01 -7.304696e-01 -5.379883e-01
-3.858097e-01 -2.199850e-02 7.497320e-02
-5.582079e-01 1.824950e+00 1.255149e+00
-4.004954e-01 -6.517650e-01 -2.829279e-01
9.144083e-01 4.032685e-01 1.058942e+00
-4.454599e-01 -8.702460e-01 5.372731e-01
8.883034e-02 -3.067583e-01 -1.018252e+00
4.928704e-01 -3.182322e-01 2.490976e-01
-8.487206e-01 -1.297328e+00 6.220189e-01
1.084037e+00 -6.402326e-01 -7.416683e-02
3.728742e-01 1.197282e+00 1.584006e+00
6.228621e-01 1.495398e+00 -1.195014e-01
-1.259647e+00 -1.090160e+00 1.067364e+00
-4.313728e-01 1.266229e+00 5.874155e-01
3.275412e-01 8.366717e-01 -1.198150e+00
-4.913779e-01 7.821881e-01 8.371653e-01
-1.982293e+00 -2.048808e-01 -6.278404e-01
-1.014976e+00 -3.905251e-01 -3.804160e-01
-1.943658e+00 -7.223463e-01 -7.962876e-01
-8.788602e-01 -1.720363e-01 -7.305010e-01
-2.248499e-02 1.228345e+00 -4.446547e-01
-1.205859e+00 1.708334e+00 5.220477e-01
-2.146190e+00 -7.537415e-01 1.196331e-01
1.656349e+00 9.641528e-01 8.692331e-01
1.004992e+00 9.525748e-01 8.915114e-01
1.875104e+00 8.918476e-01 7.674858e-01
-4.422024e-01 -4.736955e-02 7.116756e-01
-1.098477e+00 2.448826e-02 1.773938e-01
1.099350e+00 1.477502e+00 1.081700e+00
-1.181057e+00 1.231513e+00 5.138019e-01
1.085753e+00 -2.228939e+00 2.829808e-01
-7.488994e-02 1.307108e+00 -8.331392e-02
-7.858749e-02 1.297697e+00 -1.345942e+00
1.078325e+00 -1.194018e+00 -1.473905e-01
-1.280350e+00 -1.375006e-01 3.533668e-01
-4.795528e-01 5.289721e-01 7.345841e-02
1.872748e-01 1.119309e+00 -2.462082e-01
-2.254645e+00 9.967130e-01 1.054884e+00
-8.633773e-01 3.046809e-01 1.706178e+00
2.481396e+00 -8.907230e-01 -5.098787e-01
1.401320e+00 1.954697e+00 5.823610e-01
-1.130382e-01 -1.216031e+00 1.184166e-01
1.461174e+00 -1.740266e+00 -1.392071e-01
1.323282e+00 -2.074909e-01 1.214006e+00
1.372368e+00 -1.714554e+00 -6.779762e-01
-1.360345e+00 9.344513e-01 1.346116e-01
-3.300354e-01 -9.994429e-01 1.623764e-01
1.736569e+00 -3.335618e-01 -1.356408e-01
4.996822e-01 6.803184e-01 1.816485e-01
1.318811e+00 1.052763e+00 3.342437e-01
1.549313e+00 4.442249e-01 -7.390315e-02
7.715130e-02 3.124084e+00 -5.445940e-01
-2.052745e+00 6.465798e-01 -8.397877e-01
6.691720e-01 1.821063e+00 -9.928952e-01
-1.231638e+00 2.774741e-01 1.152599e+00
1.665879e+00 8.368111e-01 -2.508982e-01
1.424776e+00 2.285883e+00 4.162623e-02
-5.802274e-01 3.266769e-01 -7.811179e-01
5.687935e-01 -1.206086e+00 2.131386e-01
-3.298476e-01 -1.078284e+00 3.732185e-01
4.577614e-01 -1.864100e+00 -4.764928e-01
9.456600e-01 3.341964e-02 -9.523221e-01
-1.166278e-01 -9.061065e-02 -6.921248e-01
-6.087330e-01 -6.473541e-01 -5.335246e-01
-9.266981e-01 1.024446e+00 5.256421e-01
-1.253681e+00 -1.782341e+00 -1.342893e+00
-1.727464e-01 -7.970491e-01 7.363919e-02
-1.658542e+00 -2.085149e+00 5.400642e-01
1.904218e+00 -3.482891e-01 3.091118e-01
8.219188e-01 7.050817e-02 -5.408925e-01
8.222237e-01 3.999581e-01 -1.167467e+00
-8.460078e-01 -9.153170e-01 -4.826732e-01
-9.037140e-02 -1.038805e+00 -6.562217e-01
-1.443468e+00 -5.604740e-01 1.681453e-01
1.973141e+00 -9.510095e-01 4.791088e-01
