# x   y
0.000000e+00 9.199829e+00
1.000000e-01 8.132304e+00
2.000000e-01 8.835301e+00
3.000000e-01 7.740048e+00
4.000000e-01 8.011978e+00
5.000000e-01 9.935028e+00
6.000000e-01 1.059343e+01
7.000000e-01 1.122433e+01
8.000000e-01 1.080148e+01
9.000000e-01 9.518874e+00
1.000000e+00 1.095521e+01
1.100000e+00 1.154635e+01
1.200000e+00 1.133680e+01
1.300000e+00 1.353556e+01
1.400000e+00 1.414221e+01
1.500000e+00 1.170506e+01
1.600000e+00 1.198421e+01
1.700000e+00 1.094015e+01
1.800000e+00 1.029190e+01
1.900000e+00 1.162448e+01
2.000000e+00 1.223525e+01
2.100000e+00 1.268115e+01
2.200000e+00 1.280274e+01
2.300000e+00 1.362013e+01
2.400000e+00 1.223284e+01
2.500000e+00 1.382842e+01
2.600000e+00 1.462210e+01
2.700000e+00 1.450867e+01
2.800000e+00 1.480058e+01
2.900000e+00 1.327886e+01
3.000000e+00 1.506599e+01
3.100000e+00 1.480231e+01
3.200000e+00 1.445292e+01
3.300000e+00 1.792324e+01
3.400000e+00 1.689222e+01
3.500000e+00 1.481690e+01
3.600000e+00 1.566630e+01
3.700000e+00 1.743282e+01
3.800000e+00 1.644031e+01
3.900000e+00 1.800927e+01
4.000000e+00 1.634815e+01
4.100000e+00 1.580635e+01
4.200000e+00 1.747520e+01
4.300000e+00 1.875989e+01
4.400000e+00 1.723986e+01
4.500000e+00 1.826573e+01
4.600000e+00 1.955517e+01
4.700000e+00 1.841891e+01
4.800000e+00 1.819394e+01
4.900000e+00 1.726858e+01
5.000000e+00 1.915463e+01
5.100000e+00 1.878485e+01
5.200000e+00 1.704413e+01
5.300000e+00 1.839229e+01
5.400000e+00 1.794062e+01
5.500000e+00 1.899817e+01
5.600000e+00 1.858437e+01
5.700000e+00 1.877540e+01
5.800000e+00 2.070080e+01
5.900000e+00 1.952246e+01
6.000000e+00 2.020008e+01
6.100000e+00 2.157363e+01
6.200000e+00 2.154620e+01
6.300000e+00 2.188565e+01
6.400000e+00 2.219156e+01
6.500000e+00 2.254054e+01
6.600000e+00 2.233771e+01
6.700000e+00 2.334088e+01
6.800000e+00 2.247229e+01
6.900000e+00 2.467510e+01
7.000000e+00 2.371501e+01
7.100000e+00 2.170507e+01
7.200000e+00 2.314864e+01
7.300000e+00 2.405644e+01
7.400000e+00 2.390576e+01
7.500000e+00 2.377653e+01
7.600000e+00 2.479421e+01
7.700000e+00 2.493914e+01
7.800000e+00 2.414971e+01
7.900000e+00 2.513549e+01
8.000000e+00 2.667364e+01
8.100000e+00 2.453444e+01
8.200000e+00 2.387463e+01
8.300000e+00 2.541220e+01
8.400000e+00 2.428630e+01
8.500000e+00 2.505033e+01
8.600000e+00 2.530250e+01
8.700000e+00 2.714264e+01
8.800000e+00 2.609741e+01
8.900000e+00 2.619296e+01
9.000000e+00 2.559617e+01
9.100000e+00 2.663945e+01
9.200000e+00 2.577928e+01
9.300000e+00 2.589801e+01
9.400000e+00 2.788943e+01
9.500000e+00 2.745027e+01
9.600000e+00 2.776449e+01
9.700000e+00 2.929471e+01
9.800000e+00 2.814360e+01
9.900000e+00 3.019744e+01
