# x   y
0.000000e+00 1.066037e+00
1.000000e-01 -5.338256e-01
2.000000e-01 1.302676e+00
3.000000e-01 2.163541e+00
4.000000e-01 1.309525e+00
5.000000e-01 1.674515e+00
6.000000e-01 2.390730e+00
7.000000e-01 5.527460e-03
8.000000e-01 2.917431e+00
9.000000e-01 1.219984e+00
1.000000e+00 2.064024e+00
1.100000e+00 4.113691e+00
1.200000e+00 2.564920e+00
1.300000e+00 1.766532e+00
1.400000e+00 3.752539e+00
1.500000e+00 3.695975e+00
1.600000e+00 5.395867e+00
1.700000e+00 2.135760e+00
1.800000e+00 2.311388e+00
1.900000e+00 1.291308e+00
2.000000e+00 7.706455e-01
2.100000e+00 -1.327762e-01
2.200000e+00 -8.641544e-02
2.300000e+00 1.740065e-02
2.400000e+00 -1.811910e-01
2.500000e+00 -2.070534e+00
2.600000e+00 -1.342996e+00
2.700000e+00 -8.737824e-01
2.800000e+00 -8.526229e-01
2.900000e+00 -5.476616e-01
3.000000e+00 -4.551955e+00
3.100000e+00 -2.478782e+00
3.200000e+00 -3.489268e+00
3.300000e+00 -3.093898e+00
3.400000e+00 -2.791820e+00
3.500000e+00 -2.347299e+00
3.600000e+00 -3.103439e+00
3.700000e+00 -4.764713e+00
3.800000e+00 -3.136654e+00
3.900000e+00 -5.883247e+00
4.000000e+00 -1.486749e+00
4.100000e+00 -4.456281e+00
4.200000e+00 7.198046e-01
4.300000e+00 -3.219709e+00
4.400000e+00 -9.091271e-01
4.500000e+00 -5.932997e-01
4.600000e+00 1.781951e+00
4.700000e+00 -1.031092e+00
4.800000e+00 1.997183e+00
4.900000e+00 -1.172729e+00
5.000000e+00 2.571230e+00
5.100000e+00 2.450478e+00
5.200000e+00 2.196675e+00
5.300000e+00 3.050820e+00
5.400000e+00 3.464207e+00
5.500000e+00 3.165356e+00
5.600000e+00 3.793497e+00
5.700000e+00 1.980594e+00
5.800000e+00 3.325325e+00
5.900000e+00 2.807900e+00
6.000000e+00 3.324012e+00
6.100000e+00 5.673462e+00
6.200000e+00 2.876408e+00
6.300000e+00 1.806006e+00
6.400000e+00 2.937015e+00
6.500000e+00 2.514911e+00
6.600000e+00 3.915293e+00
6.700000e+00 -4.332461e-03
6.800000e+00 1.861228e+00
6.900000e+00 1.525043e+00
7.000000e+00 2.199193e+00
7.100000e+00 -1.675799e+00
7.200000e+00 -1.040573e+00
7.300000e+00 -1.649874e+00
7.400000e+00 -2.640134e+00
7.500000e+00 -1.520930e+00
7.600000e+00 -1.472220e+00
7.700000e+00 -4.553743e+00
7.800000e+00 -1.842512e+00
7.900000e+00 -1.926446e+00
8.000000e+00 -2.291860e+00
8.100000e+00 -8.235693e-01
8.200000e+00 -2.367729e+00
8.300000e+00 -4.687546e+00
8.400000e+00 -3.641292e+00
8.500000e+00 -2.540238e+00
8.600000e+00 -3.683851e+00
8.700000e+00 -3.118530e+00
8.800000e+00 -1.833448e+00
8.900000e+00 -3.667295e+00
9.000000e+00 -1.532706e+00
9.100000e+00 -2.408597e+00
9.200000e+00 5.781438e-01
9.300000e+00 -1.382412e+00
9.400000e+00 2.666170e-01
9.500000e+00 9.392461e-01
9.600000e+00 2.400989e-01
9.700000e+00 -3.111339e-02
9.800000e+00 1.672833e+00
9.900000e+00 1.772631e+00
